==============================================================================
PSI-CONTINUUM v2 — INDEPENDENT AUDIT
AUDIT 01: PUBLISHED MODEL EQUATION
==============================================================================

Frozen repository : /home/dmitry/Документы/НАУКА/Ψ-Проект/Теория_Ψ/github/psi-continuum-v2
H0                : 70.0
Omega_m           : 0.3
n                 : 1.0

Published specification:
H_Psi(z) = H_Lambda(z) * (1 + eps0 / (1 + z))

------------------------------------------------------------------------------
TEST 1 — LCDM recovery at eps0 = 0
------------------------------------------------------------------------------
Result: PASS
max |H_Psi/H_LCDM - 1| = 0.000000000000e+00

------------------------------------------------------------------------------
TEST 2 — Frozen implementation vs published equation
------------------------------------------------------------------------------

    eps0        z          H_code          H_spec       rel.error
-----------------------------------------------------------------
  -0.100    0.000     70.00000000     63.00000000  1.11111111e-01
  -0.100    0.100     73.39149697     66.72114166  9.99736388e-02
  -0.100    0.500     92.03055827     85.49684854  7.64204744e-02
  -0.100    1.000    124.88274070    117.08533213  6.65959470e-02
  -0.100    2.000    212.74195586    200.73177238  5.98320004e-02
  -0.100    5.000    585.57204822    557.08241710  5.11407832e-02
  -0.100   10.000   1450.33440712   1387.27272727  4.54573053e-02
  -0.050    0.000     70.00000000     66.50000000  5.26315789e-02
  -0.050    0.100     73.39240830     70.05719874  4.76069500e-02
  -0.050    0.500     91.80967021     88.55030742  3.68080347e-02
  -0.050    1.000    124.03826921    120.16652508  3.22198227e-02
  -0.050    2.000    210.12086332    204.19266501  2.90323764e-02
  -0.050    5.000    575.78151441    561.80345454  2.48806941e-02
  -0.050   10.000   1424.47645141   1393.63636364  2.21292215e-02
   0.000    0.000     70.00000000     70.00000000  0.00000000e+00
   0.000    0.100     73.39325582     73.39325582  0.00000000e+00
   0.000    0.500     91.60376630     91.60376630  0.00000000e+00
   0.000    1.000    123.24771803    123.24771803  0.00000000e+00
   0.000    2.000    207.65355764    207.65355764  0.00000000e+00
   0.000    5.000    566.52449197    566.52449197  0.00000000e+00
   0.000   10.000   1400.00000000   1400.00000000  0.00000000e+00
   0.030    0.000     70.00000000     72.10000000  2.91262136e-02
   0.030    0.100     73.39373644     75.39489007  2.65422979e-02
   0.030    0.500     91.48679411     93.43584162  2.08597416e-02
   0.030    1.000    122.79714207    125.09643380  1.83801541e-02
   0.030    2.000    206.24125542    209.73009322  1.66348937e-02
   0.030    5.000    561.20707323    569.35711443  1.43144627e-02
   0.030   10.000   1385.92755972   1403.81818182  1.27442587e-02
   0.050    0.000     70.00000000     73.50000000  4.76190476e-02
   0.050    0.100     73.39404601     76.72931290  4.34679624e-02
   0.050    0.500     91.41137045     94.65722517  3.42906178e-02
   0.050    1.000    122.50603850    126.32891098  3.02612637e-02
   0.050    2.000    205.32641622    211.11445027  2.74165697e-02
   0.050    5.000    557.75516246    571.24552940  2.36157068e-02
   0.050   10.000   1376.78702495   1406.36363636  2.10305576e-02
   0.075    0.000     70.00000000     75.25000000  6.97674419e-02
   0.075    0.100     73.39442140     78.39734145  6.38149197e-02
   0.075    0.500     91.31982897     96.18395461  5.05710714e-02
   0.075    1.000    122.15211886    127.86950746  4.47126818e-02
   0.075    2.000    204.21159442    212.84489658  4.05614713e-02
   0.075    5.000    553.54053681    573.60604812  3.49813454e-02
   0.075   10.000   1365.62124239   1409.54545455  3.11619693e-02
   0.100    0.000     70.00000000     77.00000000  9.09090909e-02
   0.100    0.100     73.39478450     80.06536999  8.33142404e-02
   0.100    0.500     91.23119445     97.71068405  6.63130103e-02
   0.100    1.000    121.80879762    129.41010393  5.87381208e-02
   0.100    2.000    203.12741731    214.57534289  5.33515428e-02
   0.100    5.000    549.43301276    575.96656683  4.60678720e-02
   0.100   10.000   1354.73313577   1412.72727273  4.10511909e-02

Result: FAIL
Maximum relative error = 1.111111111111e-01
Worst case: eps0=-0.1, z=0.0, H_code=70.000000000000, H_spec=63.000000000000

------------------------------------------------------------------------------
TEST 3 — z = 0 behaviour
------------------------------------------------------------------------------

    eps0       H_code(0)       H_spec(0)      spec/H0
--------------------------------------------------------
  -0.100     70.00000000     63.00000000   0.90000000
  -0.050     70.00000000     66.50000000   0.95000000
   0.000     70.00000000     70.00000000   1.00000000
   0.030     70.00000000     72.10000000   1.03000000
   0.050     70.00000000     73.50000000   1.05000000
   0.075     70.00000000     75.25000000   1.07500000
   0.100     70.00000000     77.00000000   1.10000000

Published v2 requires:
H_Psi(0) = H0 * (1 + eps0)

==============================================================================
AUDIT 01 VERDICT: FAIL
Frozen implementation is NOT numerically consistent with the published v2 model equation.
==============================================================================
